1	7	1	16	3	34	18	6	10	7	6	27
2	7	7	10	13	16	34	15	6	1	4	25
3	7	9	3	5	43	7	27	19	5	15	22
4	7	8	1	4	39	27	19	35	21	23	14
5	7	17	3	24	4	39	4	30	13	20	17
6	7	2	24	2	50	16	8	25	35	1	22
7	7	5	23	17	7	37	3	22	32	17	44
8	7	15	14	1	41	26	20	26	36	16	36
9	7	6	29	6	38	22	23	7	44	23	39
10	7	24	26	29	24	6	12	15	36	10	7
11	7	9	10	32	8	38	10	18	21	12	35
12	7	39	6	21	23	4	16	40	40	5	3
13	7	35	5	9	44	5	22	22	45	13	3
14	7	3	7	15	35	33	18	13	42	17	40
15	7	13	34	26	8	49	1	19	3	3	47
15	7	24	17	18	27	24	11	31	13	6	16
17	7	28	2	33	17	32	14	39	2	6	9
18	7	4	19	10	21	42	24	26	46	27	30
19	7	16	21	19	3	44	21	48	4	11	30
20	7	46	18	12	14	41	5	46	13	6	46
21	7	14	32	26	6	31	9	43	30	20	48
22	7	28	15	31	11	47	7	24	21	13	27
23	7	23	26	42	13	20	27	33	26	35	1
23	7	30	10	40	30	13	34	11	5	45	2
25	7	12	26	37	19	45	1	47	9	1	49
26	7	20	38	8	33	21	25	14	47	30	40
27	7	31	8	7	46	13	37	32	27	41	21
28	7	36	35	34	22	19	33	8	20	40	12
29	7	41	37	39	1	40	31	16	10	32	36
30	7	11	9	11	31	30	47	9	50	25	36
31	7	21	33	42	10	43	13	16	13	27	34
32	7	49	21	16	45	2	30	29	11	17	7
33	7	38	39	20	36	17	17	33	13	35	20
34	7	47	31	28	31	11	42	2	27	37	27
35	7	42	40	23	28	22	35	4	13	41	45
36	7	43	25	46	18	29	44	1	21	41	17
37	7	18	36	35	25	28	50	2	11	30	22
38	7	33	29	25	36	10	41	40	36	45	17
39	7	22	50	38	2	34	40	26	19	48	32
40	7	34	42	44	15	36	35	4	8	32	40
41	7	36	20	30	49	3	38	21	48	25	5
42	7	44	13	21	46	12	32	42	34	37	11
43	7	27	45	36	29	24	27	44	21	47	26
44	7	31	46	14	42	15	49	44	42	20	12
45	7	19	44	48	12	46	25	37	41	29	43
46	7	50	41	48	26	1	47	49	32	39	5
47	7	40	43	41	5	50	39	36	36	50	50
48	7	45	48	47	39	9	46	50	27	41	9
49	7	48	46	45	48	7	45	37	30	32	14
50	7	26	49	50	20	48	43	12	49	49	32
